>TF_motif_seq_0208
0	0	1	0
1	0	0	0
0	1	0	0
0	0	1	0
0	0	0	1
0	0	1	0
0	0	0	1
1	0	0	0
1	0	0	0
1	0	0	0
0	0	1	0
0	0	0	1
1	0	0	0
1	0	0	0
1	0	0	0
0	0	0	1
0	0	0	1
0	0	0	1
1	0	0	0
0	1	0	0
1	0	0	0
1	0	0	0
0	1	0	0
>TF_motif_seq_0231
0	1	0	0
0	0	1	0
0	0	0	1
0	0	1	0
0	1	0	0
1	0	0	0
1	0	0	0
0	0	1	0
0	1	0	0
0	1	0	0
0	1	0	0
1	0	0	0
1	0	0	0
1	0	0	0
0	0	1	0
0	0	1	0
0	1	0	0
0	1	0	0
1	0	0	0
1	0	0	0
0	0	0	1
0	1	0	0
0	0	1	0
0	0	1	0
0	1	0	0
0	1	0	0
0	1	0	0
1	0	0	0
0	0	1	0
1	0	0	0
>TF_motif_seq_0493
0.5	0	0.5	0
0	0	0	1
0	0	1	0
1	0	0	0
0	0	1	0
0	0	0	1
0	1	0	0
1	0	0	0
0	0	0	1
>TF_motif_seq_0192
1	0	0	0
0	1	0	0
1	0	0	0
0	0	0	1
1	0	0	0
1	0	0	0
1	0	0	0
1	0	0	0
0	0	0	1
1	0	0	0
1	0	0	0
1	0	0	0
1	0	0	0
1	0	0	0
1	0	0	0
1	0	0	0
0	0	1	0
0	0	1	0
0	1	0	0
1	0	0	0
>TF_motif_seq_0037
0	0	1	0
0	1	0	0
0	1	0	0
1	0	0	0
0	1	0	0
0	0	1	0
0	0	0	1
0	0	1	0
0	0	1	0
0	0	1	0
>TF_motif_seq_0048
0	0	0	1
0	1	0	0
0	1	0	0
1	0	0	0
0	1	0	0
0	0	1	0
0	0	0	1
0	1	0	0
0	0	0	1
0	1	0	0
>TF_motif_seq_0096
1	0	0	0
0	1	0	0
0	0	1	0
0	1	0	0
0	0	1	0
0	1	0	0
0	1	0	0
0	0	0	1
0	1	0	0
0	1	0	0
0	0	0	1
0	1	0	0
>TF_motif_seq_0343
1	0	0	0
1	0	0	0
1	0	0	0
0	1	0	0
1	0	0	0
1	0	0	0
1	0	0	0
>TF_motif_seq_0291
1	0	0	0
0	0	1	0
0	1	0	0
1	0	0	0
0	0	1	0
0	1	0	0
>TF_motif_seq_0390
0	0	0	1
0	1	0	0
1	0	0	0
0	0	0	1
0	1	0	0
1	0	0	0
0	1	0	0
>TF_motif_seq_0490
0	0	1	0
0	0	0	1
0	0	0	1
0	0	0	1
0.333333	0.333333	0	0.333333
0	0	1	0
0	1	0	0
1	0	0	0
1	0	0	0
>TF_motif_seq_0509
0	0	0	1
0	0	0	1
0	1	0	0
0	1	0	0
0	1	0	0
0	0	0	1
0	0	1	0
0	0	0	1
0	0	0	1
>TF_motif_seq_0194
0	1	0	0
0	0	1	0
1	0	0	0
1	0	0	0
1	0	0	0
0	1	0	0
0	1	0	0
1	0	0	0
0	0	1	0
0	1	0	0
1	0	0	0
1	0	0	0
0	1	0	0
0	0	1	0
0	0	1	0
0	0	0	1
0	1	0	0
0	1	0	0
1	0	0	0
0	0	1	0
>TF_motif_seq_0011
1	0	0	0
0	0	1	0
0	1	0	0
1	0	0	0
1	0	0	0
0	1	0	0
0	0	1	0
0	0	1	0
0	0	0	1
0	1	0	0
>TF_motif_seq_0170
1	0	0	0
0	0	1	0
0	0	0	1
0	0	0	1
0	0	1	0
1	0	0	0
1	0	0	0
0	0	0	1
0	0	1	0
0	0	1	0
0	0	1	0
0	0	1	0
0	0	1	0
0	0	0	1
0	0	1	0
0	1	0	0
1	0	0	0
>TF_motif_seq_0079
0	0	0	1
1	0	0	0
1	0	0	0
0	1	0	0
0	0	0	1
0	0.5	0.5	0
1	0	0	0
0	0	1	0
0	0	0	1
0	0	0	1
1	0	0	0
>TF_motif_seq_0163
0	1	0	0
0	0	1	0
0	0	0	1
0	0	1	0
0	0	0	1
0	1	0	0
0	0	1	0
0	0	0	1
0	1	0	0
0	1	0	0
1	0	0	0
0	0	0	1
0	0	1	0
0	1	0	0
1	0	0	0
0	0	0	1
>TF_motif_seq_0057
1	0	0	0
0	1	0	0
0	0	1	0
0	0	0	1
1	0	0	0
0	0	0	1
0	0	0	1
1	0	0	0
1	0	0	0
1	0	0	0
1	0	0	0
>TF_motif_seq_0238
1	0	0	0
1	0	0	0
1	0	0	0
0	0	1	0
0.25	0.25	0.25	0.25
>TF_motif_seq_0350
1	0	0	0
0	1	0	0
0	1	0	0
0	0	1	0
1	0	0	0
0	0	1	0
1	0	0	0
>TF_motif_seq_0284
1	0	0	0
0	1	0	0
0	1	0	0
0	0	1	0
1	0	0	0
0	1	0	0
>TF_motif_seq_0324
0.5	0	0.5	0
0	1	0	0
0	1	0	0
0	0	1	0
1	0	0	0
0	1	0	0
>TF_motif_seq_0031
0	0	1	0
0	1	0	0
1	0	0	0
1	0	0	0
0	1	0	0
0	0	1	0
0	1	0	0
1	0	0	0
1	0	0	0
0	1	0	0
>TF_motif_seq_0488
0	0	1	0
0	0	0	1
0	0	1	0
0	0	1	0
0	0	1	0
0	1	0	0
0	1	0	0
0	1	0	0
0	0	1	0
>TF_motif_seq_0103
0	1	0	0
1	0	0	0
0	1	0	0
0	0	0	1
0	0	1	0
0	0	1	0
0	1	0	0
0	1	0	0
0	0	1	0
0	1	0	0
0	1	0	0
0	1	0	0
>TF_motif_seq_0478
0	1	0	0
1	0	0	0
0	0	0	1
0	0	1	0
0	1	0	0
0	1	0	0
0	0	1	0
0	1	0	0
0	1	0	0
>TF_motif_seq_0132
0	1	0	0
1	0	0	0
0	1	0	0
0	0	1	0
1	0	0	0
0	0	1	0
0	0.5	0.5	0
0	1	0	0
0	1	0	0
0	0	0.5	0.5
0	1	0	0
0	1	0	0
1	0	0	0
0	1	0	0
>TF_motif_seq_0333
0	0	0	1
0	0	1	0
0	1	0	0
1	0	0	0
0	0	1	0
0	0	1	0
>TF_motif_seq_0491
0.5	0.5	0	0
1	0	0	0
0	0	1	0
0	0	1	0
0	0	0	1
1	0	0	0
1	0	0	0
0	0	1	0
0	0	0	1
>TF_motif_seq_0436
0	0	1	0
0	0	0	1
0	0	1	0
0	1	0	0
0	1	0	0
0	1	0	0
0	0	0	1
0	0	0	1
>TF_motif_seq_0440
0.5	0.5	0	0
1	0	0	0
0	1	0	0
0	1	0	0
0.5	0	0	0.5
1	0	0	0
0.5	0.5	0	0
0	1	0	0
>TF_motif_seq_0310
0	1	0	0
0	1	0	0
0.5	0	0	0.5
1	0	0	0
0	1	0	0
0	1	0	0
>TF_motif_seq_0157
1	0	0	0
0	1	0	0
0	0	1	0
0	0	0	1
1	0	0	0
1	0	0	0
0	0	1	0
0	1	0	0
0	0	1	0
0	1	0	0
0	0	0	1
0	0	0	1
1	0	0	0
0	1	0	0
0	0	1	0
0	0	0	1
>TF_motif_seq_0427
0	1	0	0
0	0	1	0
0	1	0	0
0	0	1	0
0	0	1	0
0	1	0	0
1	0	0	0
0	0	0	1
>TF_motif_seq_0030
0	0	1	0
1	0	0	0
0	0	0	1
0	0	1	0
1	0	0	0
0	0.5	0	0.5
0.5	0	0.5	0
0	0	0	1
0	0	1	0
0	0	1	0
>TF_motif_seq_0283
1	0	0	0
1	0	0	0
0	0	0	1
1	0	0	0
1	0	0	0
0	0	0	1
>TF_motif_seq_0235
0	0	0	1
0	1	0	0
0	0	1	0
0	0	1	0
0	1	0	0
0	1	0	0
1	0	0	0
0	1	0	0
0	0	0	1
1	0	0	0
0	0	0	1
0	0	0	1
0	0	0	1
0	1	0	0
0	0	0	1
1	0	0	0
0	1	0	0
0	0	1	0
0	0	1	0
0	0	1	0
0	1	0	0
1	0	0	0
0	0	1	0
0	1	0	0
0	1	0	0
1	0	0	0
0	0	1	0
1	0	0	0
0	1	0	0
1	0	0	0
1	0	0	0
1	0	0	0
>TF_motif_seq_0294
1	0	0	0
0	0	1	0
0	0	1	0
0	0	0	1
0	1	0	0
1	0	0	0
>TF_motif_seq_0121
0	0	0	1
0	1	0	0
0	1	0	0
1	0	0	0
0	0	0	1
0	0	1	0
0	1	0	0
1	0	0	0
0	0	0	1
0	0	1	0
0	1	0	0
1	0	0	0
0	1	0	0
>TF_motif_seq_0499
0	0	0	1
0	1	0	0
0	1	0	0
1	0	0	0
0	0	0	1
0	0	1	0
0	1	0	0
1	0	0	0
0	0	0	1
>TF_motif_seq_0065
0	1	0	0
0	0	1	0
0	0	0	1
0	1	0	0
0	1	0	0
1	0	0	0
0	0	0	1
0	0	1	0
0	1	0	0
1	0	0	0
0	0	0	1
>TF_motif_seq_0454
0	0	0	1
0	0	0	1
0	0	0	1
1	0	0	0
0	0	0	1
1	0	0	0
0	0	0	1
1	0	0	0
>TFmatrixID_0487
0.0	1.0	0.0	0.0
0.24489795918367	0.0	0.75510204081633	0.0
0.0	0.40816326530612	0.59183673469388	0.0
0.0	0.469387755102042	0.0204081632653061	0.510204081632652
0.0204081632653059	0.0612244897959178	0.918367346938776	0.0
0.0	0.918367346938776	0.0816326530612237	0.0
0.10204081632653	0.57142857142857	0.12244897959184	0.20408163265306
0.0612244897959181	0.510204081632651	0.22448979591837	0.20408163265306
0.0612244897959181	0.632653061224491	0.10204081632653	0.20408163265306
0.0816326530612245	0.530612244897963	0.142857142857141	0.244897959183671
>TFmatrixID_0555
0.0	0.4	0.0	0.6
1.0	0.0	0.0	0.0
0.0	0.0	0.0	1.0
0.0	1.0	0.0	0.0
0.0	0.0	0.0	1.0
1.0	0.0	0.0	0.0
0.0	1.0	0.0	0.0
0.0	0.0	1.0	0.0
0.0	0.0	0.0	1.0
0.0	0.0	1.0	0.0
0.0	0.0	1.0	0.0
1.0	0.0	0.0	0.0
1.0	0.0	0.0	0.0
0.0	0.0	0.0	1.0
0.0	0.0	1.0	0.0
1.0	0.0	0.0	0.0
>TFmatrixID_0485
0.0416666666666671	0.0416666666666671	0.0833333333333332	0.833333333333332
0.125	0.125	0.16666666666667	0.58333333333333
0.041666666666667	0.083333333333333	0.375	0.5
0.0	0.375	0.125	0.5
0.0	0.541666666666665	0.166666666666668	0.291666666666667
0.0833333333333328	0.458333333333329	0.16666666666667	0.291666666666669
0.125000000000001	0.333333333333332	0.0833333333333336	0.458333333333333
0.041666666666667	0.041666666666667	0.041666666666667	0.874999999999999
0.333333333333331	0.208333333333331	0.0416666666666671	0.416666666666671
0.0	0.25	0.29166666666667	0.45833333333333
0.0	0.70833333333333	0.0	0.29166666666667
0.0833333333333327	0.0	0.749999999999998	0.166666666666669
>TFmatrixID_0472
1.0	0.0	0.0	0.0
1.0	0.0	0.0	0.0
1.0	0.0	0.0	0.0
0.0	0.0	1.0	0.0
0.14285714285714	0.66666666666667	0.095238095238095	0.095238095238095
0.33333333333333	0.28571428571429	0.14285714285714	0.23809523809524
>TFmatrixID_0549
0.333333333333333	0.333333333333333	0.0952380952380952	0.238095238095238
0.333333333333333	0.285714285714286	0.19047619047619	0.19047619047619
0.333333333333333	0.142857142857143	0.19047619047619	0.333333333333333
0.333333333333333	0.0952380952380952	0.0952380952380952	0.476190476190476
1.0	0.0	0.0	0.0
1.0	0.0	0.0	0.0
1.0	0.0	0.0	0.0
0.0	0.0	1.0	0.0
0.142857142857143	0.571428571428571	0.0952380952380952	0.19047619047619
0.333333333333333	0.19047619047619	0.285714285714286	0.19047619047619
0.333333333333333	0.285714285714286	0.238095238095238	0.142857142857143
>TFmatrixID_0480
1.0	0.0	0.0	0.0
1.0	0.0	0.0	0.0
1.0	0.0	0.0	0.0
0.0	0.0	1.0	0.0
0.0625	0.5625	0.0625	0.3125
>TFmatrixID_0557
0.4375	0.1875	0.125	0.25
0.4375	0.125	0.0625	0.375
0.25	0.1875	0.25	0.3125
0.5625	0.0625	0.0	0.375
1.0	0.0	0.0	0.0
1.0	0.0	0.0	0.0
1.0	0.0	0.0	0.0
0.0	0.0	1.0	0.0
0.25	0.4375	0.0625	0.25
0.1875	0.1875	0.5625	0.0625
0.4375	0.3125	0.1875	0.0625
>TFmatrixID_0473
1.0	0.0	0.0	0.0
1.0	0.0	0.0	0.0
1.0	0.0	0.0	0.0
0.0	0.0	1.0	0.0
0.0	0.47619047619048	0.14285714285714	0.38095238095238
0.285714285714287	0.285714285714287	0.428571428571426	0.0
>TFmatrixID_0550
0.238095238095238	0.142857142857143	0.476190476190476	0.142857142857143
0.476190476190476	0.285714285714286	0.142857142857143	0.0952380952380952
0.238095238095238	0.285714285714286	0.285714285714286	0.19047619047619
0.380952380952381	0.142857142857143	0.142857142857143	0.333333333333333
1.0	0.0	0.0	0.0
1.0	0.0	0.0	0.0
1.0	0.0	0.0	0.0
0.0	0.0	1.0	0.0
0.142857142857143	0.476190476190476	0.142857142857143	0.238095238095238
0.285714285714286	0.285714285714286	0.333333333333333	0.0952380952380952
0.380952380952381	0.285714285714286	0.19047619047619	0.142857142857143
>TFmatrixID_0478
1.0	0.0	0.0	0.0
1.0	0.0	0.0	0.0
1.0	0.0	0.0	0.0
0.0	0.0	1.0	0.0
0.2	0.6	0.0	0.2
>TFmatrixID_0548
0.533333333333333	0.2	0.133333333333333	0.133333333333333
0.466666666666667	0.2	0.2	0.133333333333333
0.133333333333333	0.4	0.133333333333333	0.333333333333333
0.4	0.0	0.0	0.6
1.0	0.0	0.0	0.0
1.0	0.0	0.0	0.0
1.0	0.0	0.0	0.0
0.0	0.0	1.0	0.0
0.333333333333333	0.4	0.0666666666666667	0.2
0.266666666666667	0.266666666666667	0.2	0.266666666666667
0.285714285714286	0.428571428571429	0.142857142857143	0.142857142857143
>TFmatrixID_0299
0.144988412514484	0.2029258400927	0.101535341830823	0.550550405561993
0.0421927609427609	0.000105218855218855	0.0106271043771044	0.947074915824916
0.299980007996801	9.99600159936026e-05	0.699820071971212	9.99600159936026e-05
0.989704118352659	9.99600159936026e-05	9.99600159936026e-05	0.0100959616153539
9.99600159936026e-05	0.0200919632147141	9.99600159936026e-05	0.979708116753299
9.99600159936026e-05	9.99600159936026e-05	0.0100959616153539	0.989704118352659
0.170490686051795	0.000113584734211722	0.772489777373921	0.0569059518400727
0.499843847595253	0.15630855715178	0.234384759525297	0.10946283572767
>TFmatrixID_0300
0.35013825181194	0.267035192530851	0.191413275459568	0.191413275459568
0.175103536583646	0.254386770910371	0.397340454771905	0.173169232996008
0.000151543781809324	0.000151543781809324	0.000151543781809324	0.999545363916501
0.000151543781809324	0.0945717908908369	0.905125116807474	0.000151543781809324
0.999545363916501	0.000151543781809324	0.000151543781809324	0.000151543781809324
0.000151543781809324	0.905125116807474	0.000151543781809324	0.0945717908908369
0.456842329680336	0.000151543781809324	0.542854578017974	0.000151543781809324
0.0945717908908369	0.000151543781809324	0.456842329680336	0.448434330908946
0.0587382671377226	0.740470021374431	0.142053439612053	0.0587382671377226
0.368858504935291	0.150669923084928	0.150669923084928	0.32980164415678
>TFmatrixID_0301
0.261893434823977	0.119172216936251	0.33325404376784	0.285680304471931
0.0155289052890529	0.0462792127921279	0.000153751537515375	0.938038130381304
0.000131509731720147	0.0132824829037349	0.986454497632825	0.000131509731720147
0.97330352446081	0.000131509731720147	0.000131509731720147	0.0264334560757496
0.000131509731720147	0.99960547080484	0.000131509731720147	0.000131509731720147
0.599813432835821	0.0401119402985075	0.319962686567164	0.0401119402985075
0.0580822711471611	0.0291135573580533	0.565034762456547	0.347769409038239
0.0194081475787856	0.538239815526518	0.346079938508839	0.096272098385857
>TFmatrixID_0556
0.194444444444444	0.416666666666667	0.222222222222222	0.166666666666667
0.222222222222222	0.111111111111111	0.361111111111111	0.305555555555556
0.0277777777777778	0.0	0.944444444444444	0.0277777777777778
0.0	0.0	1.0	0.0
0.0	0.0	0.0	1.0
0.527777777777778	0.0	0.0	0.472222222222222
0.138888888888889	0.0	0.861111111111111	0.0
0.0833333333333333	0.0833333333333333	0.777777777777778	0.0555555555555556
0.111111111111111	0.111111111111111	0.0833333333333333	0.694444444444444
>TFmatrixID_0052
0	0	0	5
0	5	0	0
5	0	0	0
0	0	0	5
0	0	0	5
0	5	0	0
0	5	0	0
5	0	0	0
0	5	0	0
0	0	5	0
0	0	0	5
5	0	0	0
0	0	5	0
5	0	0	0
0	0	0	5
3	0	2	0
>TFmatrixID_0076
25	3	4	4
2	28	3	3
0	31	0	5
17	0	0	19
36	0	0	0
0	36	0	0
1	34	0	1
11	13	4	8
6	8	15	7
>TFmatrixID_0093
8	3	2	2
7	3	3	2
2	6	2	5
6	0	0	9
15	0	0	0
15	0	0	0
15	0	0	0
0	0	15	0
5	6	1	3
4	4	3	4
4	6	2	2
>TFmatrixID_0094
7	3	2	4
7	2	1	6
4	3	4	5
9	1	0	6
16	0	0	0
16	0	0	0
16	0	0	0
0	0	16	0
4	7	1	4
3	3	9	1
7	5	3	1
>TF_motif_seq_0046
0	0	0	1
0	1	0	0
0	1	0	0
1	0	0	0
0	1	0	0
0	0	1	0
0	0	0	1
1	0	0	0
0	0	1	0
1	0	0	0
>TF_motif_seq_0145
0	1	0	0
1	0	0	0
0	1	0	0
1	0	0	0
0	0	0	1
0	0	1	0
0	0	0	1
0	0	1	0
0	0	0	1
1	0	0	0
1	0	0	0
1	0	0	0
0	0	1	0
0	0	1	0
0	0	0	1
>TF_motif_seq_0246
0	0	0	1
0	0	1	0
1	0	0	0
0	1	0	0
0.25	0.25	0.25	0.25
>TF_motif_seq_0335
0	0	0	1
0	0	1	0
0	0	0	1
0	1	0	0
0	0	0	1
0	1	0	0
>TF_motif_seq_0394
0	0	0	1
0	0	1	0
0	0	0	1
1	0	0	0
1	0	0	0
1	0	0	0
0	0	1	0
>TF_motif_seq_0398
0	0	0	1
0	0	0	1
0	0	0	1
1	0	0	0
0	0	1	0
0	0	1	0
0	0	1	0
>TFmatrixID_0080
0.197552233450335	0.316082426352568	0.224978090637474	0.261387249559623
0.190297124167602	0.394881872007665	0.170474659681266	0.244346344143468
0.524124936016305	0.0393198737268605	0.416434873591039	0.0201203166657947
0.00733177423378598	0.965086309058944	0.00843354780006115	0.019148368907209
0.0120336007369921	0.980147232467118	0.00166147007641585	0.00615769671947404
0.0047907949415764	0.00247612875910583	0.989002001447126	0.00373107485219175
0.659608578584546	0.140000584359954	0.0857680531872467	0.114622783868254
0.0336440426650916	0.912178780101497	0.0109773713331311	0.0431998059002806
0.47264489972419	0.120102358444839	0.241856449463293	0.165396292367678
0.240393986659061	0.273767495181889	0.235633866794929	0.250204651364122
>TFmatrixID_0088
0.100597609561753	0.598605577689243	0.100597609561753	0.200199203187251
0.748753117206983	0.000623441396508728	0.25	0.000623441396508728
0.000623441396508728	0.998129675810474	0.000623441396508728	0.000623441396508728
0.000623441396508728	0.998129675810474	0.000623441396508728	0.000623441396508728
0.000623441396508728	0.000623441396508728	0.998129675810474	0.000623441396508728
0.998129675810474	0.000623441396508728	0.000623441396508728	0.000623441396508728
0.000623441396508728	0.998129675810474	0.000623441396508728	0.000623441396508728
0.92101226993865	0.000766871165644172	0.0774539877300614	0.000766871165644172
>TFmatrixID_0121
0.176643192488263	0.70481220657277	0.000586854460093897	0.117957746478873
0.781684027777778	0.000434027777777778	0.217447916666667	0.000434027777777778
0.000434027777777778	0.998697916666667	0.000434027777777778	0.000434027777777778
0.000434027777777778	0.998697916666667	0.000434027777777778	0.000434027777777778
0.000434027777777778	0.000434027777777778	0.998697916666667	0.000434027777777778
0.998697916666667	0.000434027777777778	0.000434027777777778	0.000434027777777778
0.000434027777777778	0.998697916666667	0.000434027777777778	0.000434027777777778
0.57051282051282	0.285612535612536	0.0719373219373219	0.0719373219373219
>TFmatrixID_0084
0.495098039215686	0.00490196078431373	0.495098039215686	0.00490196078431373
0.00328947368421053	0.990131578947368	0.00328947368421053	0.00328947368421053
0.00328947368421053	0.990131578947368	0.00328947368421053	0.00328947368421053
0.00328947368421053	0.00328947368421053	0.990131578947368	0.00328947368421053
0.990131578947368	0.00328947368421053	0.00328947368421053	0.00328947368421053
0.00328947368421053	0.990131578947368	0.00328947368421053	0.00328947368421053
0.990131578947368	0.00328947368421053	0.00328947368421053	0.00328947368421053
0.00328947368421053	0.00328947368421053	0.00328947368421053	0.990131578947368
>TFmatrixID_0085
0.15431697118154	0.266626223843347	0.207896931982291	0.371159703339472
0.436463929173117	0.014506345550166	0.533364624057945	0.0156652271711801
0.0161199555416286	0.893602343382785	9.28563796373255e-05	0.0901848335853502
0.0399967721915577	0.888377972845839	0.00370794991280682	0.0679176326694221
0.0300674156113042	2.53794196883458e-11	0.959277702261305	0.0106552745180026
0.959501366329946	0.00201520243483041	0.0110672552790471	0.0274159231322822
0.00704445954235937	0.958030595665103	0.00302142365371502	0.0319034940773676
0.521875725733431	0.138685335432972	0.210702093524672	0.128736703611067
0.183022858114264	0.167551597191003	0.138173441259952	0.511251887158528
0.308581687590048	0.245692488416863	0.220840797291663	0.224884907437378
>TFmatrixID_0086
0.151886610006681	0.321543955866662	0.205025478259994	0.321543955866662
0.139960910816204	0.2790422419086	0.240173883376346	0.34082296389885
0.460825067083715	0.0187842453929616	0.504222937682066	0.0161677498412572
0.00307930508159475	0.948331332171931	0.000420926918346614	0.0481684358281272
0.00618106345656055	0.993754641010818	2.72326277399138e-07	6.40232063444782e-05
0.000662536947221749	0.00392874896785571	0.990610129259627	0.00479858482529581
0.973202851546237	0.00256149876428975	0.0137438649858572	0.010491784703616
0.000615581098066602	0.997060466300606	0.000474644781875794	0.00184930781945179
0.565245559301425	0.136627774704723	0.158738827155691	0.139387838838161
0.165672565590387	0.126471039351645	0.11792081548995	0.589935579568018
>TFmatrixID_0053
0.150033322225925	0.716511162945685	0.0750583138953682	0.0583972009330223
0.0255348955680081	0.0127992868059093	0.948866530820173	0.0127992868059093
0.0189260563380282	0.874056841046278	0.106954225352113	6.28772635814889e-05
0.0189260563380282	0.97466046277666	0.00635060362173038	6.28772635814889e-05
6.28772635814889e-05	0.00635060362173038	0.993523641851107	6.28772635814889e-05
0.0588734971249347	0.627352326189232	0.13728437009932	0.176489806586513
0.157922429344558	0.774278412507517	0.00759170174383644	0.060207456404089
0.488782763216348	0.0667481119502443	0.299977787649933	0.144491337183474
>TFmatrixID_0054
0.346006144393241	0.461213517665131	0.192396313364055	0.000384024577572965
0.00024975024975025	0.00024975024975025	0.999250749250749	0.00024975024975025
0.000243664717348928	0.999269005847953	0.000243664717348928	0.000243664717348928
0.122076023391813	0.877436647173489	0.000243664717348928	0.000243664717348928
0.0246101364522417	0.000243664717348928	0.97490253411306	0.000243664717348928
0.000243664717348928	0.950536062378168	0.0489766081871345	0.000243664717348928
0.000243664717348928	0.999269005847953	0.000243664717348928	0.000243664717348928
0.241391184573003	0.103650137741047	0.482438016528926	0.172520661157025
>TFmatrixID_0059
0.205687765427099	0.313048871418944	0.316195064881681	0.165068298272276
0.213317387913388	0.494121352865682	0.123073426518921	0.169487832702009
0.108658579394584	4.92035584677116e-05	0.887324421479723	0.00396779556722512
0.0247123587482449	0.834892915806779	0.0549983658263778	0.0853963596185986
0.145090039152854	0.704405728549866	0.0512827536531657	0.0992214786441139
0.131472928509848	0.00986310437125806	0.827824324394252	0.0308396427246419
0.190198451187877	0.383012645991003	0.15417186814629	0.27261703467483
0.258282137450573	0.489827135088085	0.0770190307288349	0.174871696732507
0.423886971141283	0.162303305733847	0.18117562095031	0.23263410217456
0.275778429020988	0.196290901446505	0.204301685100078	0.323628984432429
>TFmatrixID_0068
0.2	0.5	0.133333333333333	0.166666666666667
0.027027027027027	0.0540540540540541	0.891891891891892	0.027027027027027
0.0263157894736842	0.605263157894737	0.342105263157895	0.0263157894736842
0.0263157894736842	0.894736842105263	0.0526315789473684	0.0263157894736842
0.0789473684210526	0.0263157894736842	0.842105263157895	0.0526315789473684
0.0263157894736842	0.236842105263158	0.710526315789474	0.0263157894736842
0.027027027027027	0.918918918918919	0.027027027027027	0.027027027027027
0.103448275862069	0.586206896551724	0.172413793103448	0.137931034482759
>TFmatrixID_0069
0.188766178084544	0.23996884348967	0.391705035479709	0.179559942946076
0.100216874578151	0.435866752534571	0.346310781116173	0.117605591771105
0.222731161177737	0.60544606795878	0.117444453900025	0.0543783169634581
0.0145354246830642	0.000604465158234304	0.912865680420584	0.0719944297381174
0.00019110113885285	0.997295913923854	0.00200380431512119	0.00050918062217203
0.0424045805486231	0.95075498277637	0.0036592433410561	0.00318119333395058
0.0360940064606281	0.0275534244017617	0.903365131031359	0.0329874381062506
0.170746325015835	0.518105544533724	0.100502135467632	0.210645994982809
0.235827226389515	0.660567586616616	0.0367118446559763	0.0668933423378924
0.477760362483492	0.132835201477163	0.239633164597966	0.149771271441378
>TFmatrixID_0075
0.168575920934411	0.516734052111411	0.224730458221024	0.0899595687331536
0.0648014959723821	0.726481588032221	0.115146720368239	0.0935701956271577
0.0238633658652702	0.0179124018090931	0.952213758628898	0.00601047369673887
0.011961437752916	0.898655082123304	0.0833730064270412	0.00601047369673887
0.011961437752916	0.976017614853606	0.011961437752916	5.9509640561771e-05
0.00601047369673887	0.00601047369673887	0.987919542965961	5.9509640561771e-05
0.0562984253936516	0.662396900774806	0.13127968007998	0.150024993751562
0.123115964318671	0.799830821285758	0.0385266071977853	0.0385266071977853
>TFmatrixID_0078
0.214652287493303	0.317037305969704	0.270161371159963	0.198149035377029
0.248333688653698	0.355943980551975	0.222465795244215	0.173256535550112
0.0955790716309179	0.0627999250604244	0.804285157445969	0.0373358458626892
0.0256397416228759	0.745565920111419	0.166358243197813	0.0624360950678923
0.15075169485887	0.769417763954955	0.0100305363873763	0.0698000047987995
0.19211822856148	0.0387880014003446	0.756052604207059	0.0130411658311163
0.189787713106462	0.448498863696367	0.170018311863791	0.19169511133338
0.124989966942595	0.677380713987058	0.0993087287155297	0.0983205903548174
>TFmatrixID_0079
0.176000769806402	0.377859757908354	0.270138703220726	0.176000769806402
0.303124852267135	0.503084809554337	0.0968951694602067	0.0968951694602067
0.000148883478132441	0.000148883478132441	0.999553350307489	0.000148883478132441
0.000148883478132441	0.999553350307489	0.000148883478132441	0.000148883478132441
0.000148883478132441	0.999553350307489	0.000148883478132441	0.000148883478132441
0.000148883478132441	0.000148883478132441	0.999553350307489	0.000148883478132441
0.000148883478132441	0.999553350307489	0.000148883478132441	0.000148883478132441
0.000148883478132441	0.999553350307489	0.000148883478132441	0.000148883478132441
0.359357948452329	0.0741481138572011	0.492345824575155	0.0741481138572011
0.153253714203397	0.255522680931698	0.240734459332771	0.350489146274018
>TFmatrixID_0081
0.293777432769558	0.256566215120374	0.277698342174653	0.171958008819104
0.15492922258592	0.530319104499017	0.156081106709472	0.158670565089279
9.41918950944927e-05	9.41918950944927e-05	0.999717423198411	9.41918950944927e-05
9.41918950944927e-05	0.911746848817104	0.0880647662763975	9.41918950944927e-05
9.41918950944927e-05	0.999717423198411	9.41918950944927e-05	9.41918950944927e-05
9.41918950944927e-05	9.41918950944927e-05	0.999717423198411	9.41918950944927e-05
9.41918950944927e-05	9.41918950944927e-05	0.999717423198411	9.41918950944927e-05
9.41918950944927e-05	0.999717423198411	9.41918950944927e-05	9.41918950944927e-05
0.535094408568898	0.166106757178216	0.220662650339664	0.0781361827969125
0.178621291207815	0.178621291207815	0.352131468786373	0.290625947681687
>TFmatrixID_0082
0.216684466407996	0.323255238560833	0.262025603814038	0.198034691217133
0.297133913536241	0.470682102455795	0.113770461693415	0.118413522314549
0.0536499408555366	9.65668627556423e-05	0.946224982830691	2.85094510165503e-05
0.057636172095945	0.83226454908127	0.0476627589618026	0.0624365198609821
0.127081743844249	0.784330534330002	0.0326168991191687	0.0559708227065808
0.20592999253349	0.0925303102382412	0.618647886765734	0.0828918104625341
0.241989257233552	0.346850320379372	0.13280652019298	0.278353902194096
0.128128594268033	0.680640592176782	0.0668889915272945	0.124341822027891
0.307219612314049	0.319757482537511	0.140831317094171	0.232191588054269
>TFmatrixID_0100
0.178677813280563	0.349178851042988	0.274673812736755	0.197469522939694
0.25595772341127	0.443639496507847	0.173297936227914	0.127104843852969
0.0748954457989047	0.0286769333929842	0.885447427018575	0.0109801937895359
0.0365865902330995	0.764851567572958	0.14398106328541	0.0545807789085318
0.103239880738101	0.801957183522846	0.0419742031897293	0.0528287325493234
0.112874045329131	0.0827871249877073	0.747154920315814	0.0571839093673481
0.181955182741574	0.413129212795714	0.119553074177698	0.285362530285015
0.276531740359245	0.455923762315515	0.0929745321593201	0.17456996516592
0.387095568805307	0.208235908078164	0.192225970654215	0.212442552462314
0.286170086434081	0.212000014255169	0.191825545525473	0.310004353785277
>TFmatrixID_0101
0.193275829375215	0.300100775412363	0.279812108346778	0.226811286865645
0.289446501432731	0.467767081731808	0.16699610413242	0.0757903127030404
0.0339655381821385	0.0132678846589821	0.939498692499897	0.0132678846589821
0.032072797988561	0.905066349725687	0.035802161052223	0.027058691233529
0.0970553117996941	0.850037988092885	0.0205997932839999	0.0323069068234205
0.0426486450836321	0.0104123802352429	0.927966380899597	0.0189725937815283
0.129323458451234	0.591295974901875	0.130623180816351	0.148757385830539
0.0346507596793668	0.902636250787217	0.0244179776471985	0.0382950118862178
0.383810260441554	0.175940930610207	0.239882283385185	0.200366525563053
0.232501882006753	0.254397580200986	0.223385352816637	0.289715184975624
>TFmatrixID_0102
0.255195963405809	0.255195963405809	0.213157586311753	0.27645048687663
0.231180279057617	0.274019106288723	0.265920617806193	0.228879996847467
0.289754784111583	0.320228560768001	0.237231152611637	0.15278550250878
0.132148746578415	0.0801522664491717	0.723375286445266	0.0643237005271473
0.0943931745743965	0.690536455298518	0.140818069109337	0.0742523010177487
0.172828118567296	0.700852580518228	0.0421948242982982	0.0841244766161773
0.15951503115782	0.0238584429631859	0.774438427292742	0.0421880985862518
0.17769423497723	0.464083406762413	0.145483734825437	0.21273862343492
0.121071713854827	0.68292363575583	0.0896921316373633	0.106312518751979
0.342518798767467	0.222811593728122	0.220594581328287	0.214075026176124
>TFmatrixID_0103
0.273480839035947	0.273480839035947	0.200583688987081	0.252454632941026
0.23064971961082	0.273390231602539	0.26531032917582	0.23064971961082
0.278186771458873	0.368077210697731	0.188348266023084	0.165387751820312
0.144544416539558	0.0581826291149214	0.745150969102108	0.0521219852434125
0.115568723860811	0.613920453081585	0.175891154735585	0.0946196683220188
0.185944995736138	0.668777158290842	0.0719125579687736	0.0733652880042468
0.213466198368667	0.119519375795249	0.58609301081285	0.0809214150232327
0.197200246080693	0.352207218018992	0.207310918901121	0.243281616999194
0.166530987730503	0.604971533211818	0.105128289032548	0.123369190025131
0.320417074899948	0.2928391570489	0.17409889613113	0.212644871920021
>TFmatrixID_0106
0.100597609561753	0.698207171314741	0.100597609561753	0.100597609561753
0.000712250712250712	0.000712250712250712	0.997863247863248	0.000712250712250712
0.000712250712250712	0.855413105413105	0.143162393162393	0.000712250712250712
0.000712250712250712	0.997863247863248	0.000712250712250712	0.000712250712250712
0.000712250712250712	0.0719373219373219	0.926638176638177	0.000712250712250712
0.000712250712250712	0.000712250712250712	0.997863247863248	0.000712250712250712
0.000766871165644172	0.997699386503068	0.000766871165644172	0.000766871165644172
0.623134328358209	0.25	0.125621890547264	0.00124378109452736
>TFmatrixID_0113
0.228636082308723	0.247678511165561	0.252681948986084	0.271003457539632
0.193819535205956	0.322765965359185	0.251370386581143	0.232044112853716
0.226292043720877	0.344407790861118	0.240285162212833	0.189015003205171
0.170262482523836	0.000110508953116317	0.794204719288426	0.035422289234622
0.0201749033707878	0.635517370600637	0.309339513879222	0.0349682121493532
5.49702030594237e-06	0.998696473196898	0.000681438620690011	0.000616591162105548
6.08242759806305e-06	9.16511008078809e-06	0.999893337982193	9.14144801287358e-05
0.208791251602252	0.488497794450777	0.000436631782398186	0.302274322164573
0.304405922990717	0.320013148403104	0.158913826535786	0.216667102070393
0.35304626544069	0.189919274727277	0.229659806543948	0.227374653288086
>TFmatrixID_0122
0.184279705573081	0.604889589905363	0.131703470031546	0.0791272344900105
0.000195924764890282	0.000195924764890282	0.999412225705329	0.000195924764890282
0.000195924764890282	0.921042319749216	0.0785658307210031	0.000195924764890282
0.000195924764890282	0.979819749216301	0.0197884012539185	0.000195924764890282
0.000195924764890282	0.000195924764890282	0.999412225705329	0.000195924764890282
0.0197884012539185	0.705525078369906	0.215713166144201	0.0589733542319749
0.000203915171288744	0.999388254486134	0.000203915171288744	0.000203915171288744
0.580219072164949	0.0325386597938144	0.322487113402062	0.0647551546391752
>TFmatrixID_0512
0.42	0.54	0.03	0.01
0.0099009900990099	0.0099009900990099	0.97029702970297	0.0099009900990099
0.0	0.98	0.01	0.01
0.04	0.96	0.0	0.0
0.02	0.0	0.97	0.01
0.02	0.92	0.02	0.04
0.0099009900990099	0.97029702970297	0.0099009900990099	0.0099009900990099
0.585858585858589	0.050505050505051	0.24242424242424	0.12121212121212
>TFmatrixID_0060
0.218134375315043	0.0970388363926729	0.485466980109179	0.199359808183106
0.26891291776944	0.36299447050365	0.191404234286779	0.17668837744013
0.068968319535512	0.701799156755609	0.0930974935640104	0.136135030144868
0.234435933310018	0.110739693670301	0.62464428573705	0.0301800872826301
0.126717562186682	0.0541609782265034	0.782082856690142	0.0370386028966732
0.00126993215768892	0.952379394258818	0.000793710479183719	0.0455569631043099
0.327826617863991	0.185394291902765	0.380880190302537	0.105898899930707
0.239235179196898	0.319720469565776	0.256581686929458	0.184462664307868
>TFmatrixID_0061
0.0801358912869704	0.759592326139089	0.0801358912869704	0.0801358912869704
0.0144203312392918	0.000142775556824672	0.985294117647059	0.000142775556824672
0.000142775556824672	0.885351227869789	0.114363221016562	0.000142775556824672
0.000142775556824672	0.985294117647059	0.0144203312392918	0.000142775556824672
0.0144203312392918	0.000142775556824672	0.985294117647059	0.000142775556824672
0.0572529982866933	0.642632781267847	0.185750999428898	0.114363221016562
0.0794733502538071	0.904346446700508	0.000158629441624365	0.0160215736040609
0.581087360594796	0.0234665427509294	0.279042750929368	0.116403345724907
>TFmatrixID_0062
0.202071060421004	0.57170288215076	0.0973798606659472	0.128846196762288
0.0382981086702478	0.000181845203122499	0.958529665995676	0.0029903801309539
0.00931364544176394	0.908214492410452	0.0635279887353729	0.0189438734124116
0.113719722838923	0.807333505925258	0.0313037171654394	0.0476430540703787
0.0747575173629443	0.0532101822654095	0.840712522649932	0.0313197777217143
0.153634558671648	0.452404543174866	0.150592390584526	0.24336850756896
0.19744223615268	0.605131667265657	0.0582909043492158	0.139135192232447
0.44869236054871	0.175271725570871	0.184258099103051	0.191777814777369
0.272738280745743	0.206131158269966	0.184659327929877	0.336471233054413
0.290029194708262	0.206434173539932	0.1924779476283	0.311058684123506
>TFmatrixID_0072
0.253340061149035	0.238586684528643	0.213734096231953	0.29433915809037
0.238514741553609	0.217986060456064	0.263599555892927	0.2798996420974
0.216234864566995	0.0719783337150938	0.581938721549179	0.129848080168733
0.114251443316202	0.501900384329202	0.24430114436912	0.139547027985476
0.00957586502121877	0.664640220144773	0.00226878823747161	0.323515126596536
0.203539562448183	0.00446317500234806	0.777326443876937	0.0146708186725322
0.14817891282083	0.326496886912349	0.281018474850527	0.244305725416294
0.239003865309729	0.346014168825605	0.22508536374053	0.189896602124136
>TFmatrixID_0077
0.26252644963372	0.441576747022422	0.139819434637245	0.156077368706614
0.0769440405920383	0.0144844898639247	0.873998283485152	0.0345731860588848
0.0482325003227134	0.867862310739902	0.0835991267358684	0.000306062201515716
0.128539272907789	0.769879864911925	0.0364606823314052	0.0651201798488816
0.0903979315017469	0.0248839093996005	0.874997811433086	0.00972034766556653
0.145906067265025	0.456214475325174	0.132021269182095	0.265858188227706
0.211815820407552	0.593310057689149	0.0664013326030868	0.128472789300213
0.418633277831722	0.173641929931651	0.20997643389954	0.197748358337088
0.275863494034968	0.208493143662656	0.198324813060247	0.317318549242129
0.279059484694934	0.208810045594693	0.200622486597652	0.311507983112721
>TFmatrixID_0119
0.170943911085133	0.290509824721326	0.246483690732529	0.292062576150387
0.0702831361901818	0.789150594118829	0.0702831361901818	0.0702831361901818
0.923680754245573	8.38133350972129e-05	0.0761516217736107	8.38133350972129e-05
8.38133350972129e-05	0.999748562684085	8.38133350972129e-05	8.38133350972129e-05
8.38133350972129e-05	0.999748562684085	8.38133350972129e-05	8.38133350972129e-05
8.38133350972129e-05	8.38133350972129e-05	0.999748562684085	8.38133350972129e-05
0.999748562684085	8.38133350972129e-05	8.38133350972129e-05	8.38133350972129e-05
8.38133350972129e-05	0.999748562684085	8.38133350972129e-05	8.38133350972129e-05
0.488545353655762	0.288488163263535	0.0791399029223078	0.14382658284777
0.348247091760667	0.179800677817259	0.179800677817259	0.292151555294189
>TFmatrixID_0070
0.190014354944333	0.292100996699139	0.234416540763344	0.283468107593183
0.172680268901917	0.226205013594255	0.188942309532907	0.412172407970921
0.306697853996493	0.037934579135575	0.57585913524022	0.0795084316277126
3.55009202787179e-06	0.888218921131996	0.0181599432119169	0.0936175855640595
0.0357836314003013	0.87786301741573	0.0464088681711711	0.0399444830127978
0.0403589577126115	0.0361549319846181	0.895886176605311	0.0275999336974595
0.536441884188888	0.241038876164248	0.0763217710582271	0.146197468588637
0.0942543470060663	0.710519893899477	0.0981009398777193	0.0971248192167371
0.420878426761359	0.156388613164696	0.221926005898407	0.200806954175539
>TFmatrixID_0110
0.00328947368421053	0.990131578947368	0.00328947368421053	0.00328947368421053
0.00328947368421053	0.00328947368421053	0.990131578947368	0.00328947368421053
0.00328947368421053	0.661184210526316	0.332236842105263	0.00328947368421053
0.00328947368421053	0.990131578947368	0.00328947368421053	0.00328947368421053
0.00328947368421053	0.00328947368421053	0.990131578947368	0.00328947368421053
0.00328947368421053	0.990131578947368	0.00328947368421053	0.00328947368421053
0.00328947368421053	0.990131578947368	0.00328947368421053	0.00328947368421053
0.495098039215686	0.00490196078431373	0.495098039215686	0.00490196078431373
>TFmatrixID_0066
0.205689924493205	0.280442808763306	0.274889669089141	0.238977597654347
0.219631343095586	0.420712804984574	0.181626145278971	0.178029706640869
0.608066773692225	7.42947271062653e-05	0.391617148737412	0.000241782843257178
0.0205990864160418	0.948846205015112	0.0267155749296198	0.00383913363922629
0.0322894205983321	0.911179250594626	0.0193896543133781	0.0371416744936642
0.0648466587263899	0.000159139418881284	0.85579031403152	0.0792038878232088
0.352874110546702	0.312971260238602	0.12225528593584	0.211899343278855
0.215542593260496	0.381136865806431	0.150378964586948	0.252941576346124
0.319425317617637	0.236636095450179	0.16345267500563	0.280485911926554
>TFmatrixID_0067
0.1807531099907	0.553981928808499	0.128654699445813	0.136610261754989
0.584029157000499	0.000180856914009791	0.415694621604888	9.53644806034745e-05
0.000969222876691743	0.933311777979717	0.0652834992323494	0.00043549991124145
0.00116794195791714	0.96801074601715	9.11948539060898e-05	0.0307301171710265
0.0934848599734863	0.00680596544010304	0.786662645280055	0.113046529306356
0.496771732217494	0.241804761383409	0.0804898129800027	0.180933693419094
0.0987224708572553	0.822470477541582	0.000368731179870787	0.0784383204212921
0.270589293012381	0.550376256604598	0.0524889225165412	0.126545527866479
0.468198346693714	0.141018632079586	0.160596020786319	0.230187000440381
0.268543593527983	0.245430364733755	0.189239471940618	0.296786569797643
>TFmatrixID_0087
0.0699349442379182	0.325511152416357	0.534618959107807	0.0699349442379182
0.107779827798278	0.768911439114391	0.0616543665436654	0.0616543665436654
0.000126518218623482	0.000126518218623482	0.99962044534413	0.000126518218623482
0.000126518218623482	0.974316801619433	0.0254301619433198	0.000126518218623482
0.000126518218623482	0.99962044534413	0.000126518218623482	0.000126518218623482
0.000126518218623482	0.0127783400809717	0.986968623481781	0.000126518218623482
0.0676661264181523	0.756482982171799	0.0676661264181523	0.108184764991896
0.0968729851708575	0.789974210186976	0.064635718891038	0.0485170857511283
>TFmatrixID_0107
0.188091672299649	0.313227405696275	0.300945583448094	0.197735338555982
0.224790885664638	0.480665005339425	0.156831279254293	0.137712829741644
0.0546632045354002	5.56424325544905e-05	0.945005554259505	0.000275598772540144
0.0218700119423741	0.884583028838797	0.0477088244921192	0.0458381347267095
0.0925585145291671	0.771117709922561	0.0620438277243727	0.0742799478238994
0.173466936315345	0.0971238543055792	0.617690184529983	0.111719024849093
0.195604070526282	0.422459070570696	0.140624408665073	0.241312450237948
0.219415300035718	0.464502193761859	0.125332008139362	0.190750498063061
0.342200049292762	0.236369322007075	0.213875807031404	0.20755482166876
>TFmatrixID_0071
0.217419635099913	0.478062554300608	0.282580364900087	0.0219374456993918
0.000161186331399097	0.0485170857511283	0.951160541586073	0.000161186331399097
0.0162798194713088	0.951160541586073	0.0323984526112186	0.000161186331399097
0.000161186331399097	0.983397807865893	0.0162798194713088	0.000161186331399097
0.000161186331399097	0.0162798194713088	0.983397807865893	0.000161186331399097
0.0968729851708575	0.644906511927788	0.145228884590587	0.112991618310767
0.000169376693766938	0.999491869918699	0.000169376693766938	0.000169376693766938
0.461321721311475	0.102715163934426	0.282018442622951	0.153944672131148
>TFmatrixID_0516
0.17647058823529	0.11764705882353	0.35294117647059	0.35294117647059
0.14705882352941	0.20588235294118	0.38235294117647	0.26470588235294
0.235294117647059	0.0	0.705882352941177	0.0588235294117647
0.0	0.941176470588235	0.0	0.0588235294117647
0.911764705882353	0.0	0.0588235294117652	0.0294117647058821
0.0	1.0	0.0	0.0
0.61764705882353	0.0	0.38235294117647	0.0
0.23529411764706	0.17647058823529	0.44117647058824	0.14705882352941
0.441176470588238	0.0294117647058819	0.0294117647058819	0.499999999999998
0.0	0.0882352941176473	0.0	0.911764705882353
0.11764705882353	0.73529411764706	0.0	0.14705882352941
0.0	1.0	0.0	0.0
0.0	0.970588235294118	0.0	0.0294117647058819
0.264705882352939	0.323529411764709	0.382352941176469	0.0294117647058819
1.0	0.0	0.0	0.0
0.20588235294118	0.0294117647058819	0.470588235294119	0.294117647058819
0.0882352941176469	0.029411764705882	0.852941176470589	0.029411764705882
0.0588235294117655	0.294117647058822	0.0882352941176477	0.558823529411764
0.235294117647062	0.176470588235292	0.411764705882354	0.176470588235292
0.35294117647059	0.29411764705882	0.11764705882353	0.23529411764706
0.558823529411762	0.11764705882353	0.0882352941176473	0.235294117647061
>TFmatrixID_0539
0.0	0.9375	0.0	0.0625
0.875	0.03125	0.0625	0.03125
0.0	1.0	0.0	0.0
0.65625	0.03125	0.3125	0.0
0.264705882352941	0.147058823529412	0.441176470588235	0.147058823529412
0.470588235294118	0.0294117647058824	0.0294117647058824	0.470588235294118
0.0	0.0588235294117647	0.0294117647058824	0.911764705882353
0.147058823529412	0.705882352941177	0.0	0.147058823529412
0.0	1.0	0.0	0.0
0.0	0.96969696969697	0.0	0.0303030303030303
0.304347826086957	0.0434782608695652	0.565217391304348	0.0869565217391304
0.954545454545455	0.0	0.0	0.0454545454545455
0.136363636363636	0.0	0.454545454545455	0.409090909090909
0.0909090909090909	0.0	0.909090909090909	0.0
>TFmatrixID_0083
0.0438368055555556	0.477864583333333	0.34765625	0.130642361111111
0.108261339092873	0.783207343412527	0.0812634989200864	0.027267818574514
0.000227066303360581	0.000227066303360581	0.999318801089918	0.000227066303360581
0.000227066303360581	0.97661217075386	0.0229336966394187	0.000227066303360581
0.000227066303360581	0.999318801089918	0.000227066303360581	0.000227066303360581
0.000227066303360581	0.000227066303360581	0.999318801089918	0.000227066303360581
0.0229336966394187	0.931198910081744	0.000227066303360581	0.0456403269754768
0.11780258519389	0.734723854289072	0.059048178613396	0.0884253819036428
>TFmatrixID_0109
0.31448437490545	0.228505210502671	0.228505210502671	0.228505210502671
0.119485169396527	0.226189904356419	0.119485169396527	0.534839763263989
